16,4
16,3
16,2
16,1
16,0
15,5
15,4
15,3
15,2
15,1
15,0
14,9
14,8
14,7
14,6
14,5
14,4
14,3
14,2
14,1
14,0
13,4
13,3
13,2
13,1
13,0
12,8
12,7
12,6
12,5
12,4
12,3
12,2
12,1
12,0
11,5
11,4
11,3
11,2
11,1
11,0
10,4
10,3
10,2
10,1
10,0
9,5
9,4
9,3
9,2
9,1
9,0
8,5
8,4
8,3
8,2
8,1
8,0
7,5
7,4
7,3
7,2
7,1
7,0
6,5
6,4
6,3
6,2
6,1
6,0
5,6
5,5
5,4
5,3
5,2
5,1
5,0
4,3
4,1
4,0
2,9
2,8
2,7
2,6
2,5
2,4
2,3
2,2
2,1
2,0
1,3
1,1
1,0
0,439
0,415
0,408
0,403
0,397
0,382
0,377
0,376
0,371
0,356
0,355
0,322
0,313
0,243
0,9
0,310
0,305
0,308
0,304
0,303
0,302
0,307
0,12
0,438
0,10
0,8
0,0
0,384
0,300
0,374
0,299
0,412
0,298
0,433
0,297
0,321
0,296
0,413
0,295
0,410
0,294
0,362
0,293
0,426
0,292
0,370
0,291
0,317
0,290
0,332
0,289
0,411
0,288
0,369
0,287
0,358
0,286
0,318
0,285
0,381
0,284
0,427
0,283
0,343
0,282
0,312
0,281
0,338
0,280
0,443
0,279
0,311
0,278
0,345
0,277
0,340
0,276
0,380
0,275
0,378
16,5
16,6
17,0
17,1
17,3
18,0
18,2
19,0
19,1
19,3
20,0
20,2
21,0
21,1
21,3
22,0
22,2
22,3
23,1
23,3
58,0
58,2
58,3
58,5
62,1
62,2
63,0
63,1
63,3
63,4
64,1
64,3
65,0
65,2
65,3
66,1
66,3
67,0
67,2
67,3
68,1
68,2
69,0
69,2
69,3
69,5
70,0
70,2
70,4
70,5
70,7
70,8
71,1
71,3
71,4
72,1
72,2
72,4
72,5
72,7
72,9
72,10
72,12
72,13
72,15
72,17
72,18
72,20
72,21
73,1
73,2
73,4
73,6
73,7
73,9
73,10
73,12
73,14
73,15
73,17
73,18
73,20
73,21
73,23
73,25
73,26
73,28
73,29
73,31
73,33
73,34
73,36
73,37
73,39
73,41
73,42
73,44
73,45
73,47
74,0
74,2
74,4
74,5
74,7
74,8
74,10
74,12
74,13
74,15
74,16
74,18
74,19
74,21
74,23
74,24
74,26
74,27
74,29
74,31
74,32
74,34
74,35
74,37
74,38
74,40
74,42
74,43
74,65
74,66
74,68
74,70
74,71
74,73
74,74
74,76
74,77
74,79
74,81
74,82
74,84
74,85
74,87
74,89
74,90
74,92
74,93
74,95
74,97
74,98
74,100
74,101
74,103
74,104
74,106
74,108
74,109
74,111
74,112
74,114
74,116
74,117
74,119
74,120
74,122
74,123
74,125
74,127
74,128
74,130
74,131
74,133
74,135
74,136
74,138
74,139
74,141
74,142
74,144
74,146
74,147
74,149
74,150
74,152
74,154
74,155
74,157
74,158
74,160
74,162
74,163
74,165
74,166
74,168
74,169
74,171
74,173
74,174
74,176
74,177
74,179
74,181
74,182
74,184
74,185
74,187
74,188
74,190
74,192
74,193
74,195
74,196
74,198
74,200
74,201
74,203
74,204
74,206
74,207
74,209
74,211
74,212
74,214
74,215
74,217
74,219
74,220
74,222
74,223
74,225
74,226
74,228
74,230
74,231
74,233
74,234
74,236
74,238
74,239
74,241
74,242
74,244
74,246
74,247
74,249
74,250
74,252
74,253
74,255
74,257
74,258
74,260
74,261
74,263
74,265
74,266
74,268
74,269
74,271
74,272
74,274
74,276
74,277
74,279
74,280
74,282
74,284
74,285
74,287
74,288
74,290
74,291
74,293
74,295
74,296
74,298
74,299
74,301
74,303
74,304
74,306
74,307
74,309
74,311
74,312
74,314
74,315
74,317
74,318
74,320
74,322
74,323
74,325
74,326
74,328
74,330
74,331
74,333
74,334
74,336
74,337
74,339
74,341
74,342
74,344
74,345
74,347
74,349
74,350
74,352
74,353
74,355
74,356
74,358
74,360
74,361
74,363
74,364
74,366
74,368
74,369
74,371
74,372
74,374
74,376
74,377
74,379
74,380
74,382
74,383
74,385
74,387
74,388
74,390
74,391
74,393
74,395
74,396
74,398
74,399
74,401
74,402
74,404
74,406
74,407
74,409
74,410
74,412
74,414
74,415
74,417
74,418
74,420
74,421
74,423
74,425
74,426
74,428
74,429
74,431
74,433
74,434
74,436
74,437
74,439
74,440
74,442
74,444
74,445
74,447
74,448
74,450
74,452
74,453
74,455
74,456
74,458
74,460
74,461
74,463
74,464
74,466
74,467
74,469
74,471
74,472
74,474
74,475
74,477
74,479
74,480
74,482
74,483
74,485
74,486
74,488
74,490
74,491
74,493
74,494
74,496
74,498
74,499
74,501
74,502
74,504
74,505
74,507
74,509
74,510
74,512
74,513
74,515
74,517
74,518
74,520
74,521
74,523
74,525
74,526
74,528
74,529
74,531
74,532
74,534
74,536
74,537
74,539
74,540
74,542
74,544
74,545
74,547
74,548
74,550
74,551
74,553
74,555
74,556
74,558
74,559
74,561
74,563
74,564
74,566
74,567
74,569
74,570
74,572
74,574
74,575
74,577
74,578
74,580
74,582
74,583
74,585
74,586
74,588
74,589
74,591
74,593
74,594
74,596
74,597
74,599
74,601
74,602
74,604
74,605
74,607
74,640
74,641
74,643
74,644
74,646
74,647
74,649
74,651
74,652
74,654
74,655
74,657
74,659
74,660
74,662
74,663
74,665
74,666
74,668
74,670
74,671
74,673
74,674
74,676
74,678
74,679
74,681
74,682
74,684
74,685
74,687
74,689
74,690
74,692
74,693
74,695
74,697
74,698
74,700
74,701
74,703
74,705
74,706
74,708
74,709
74,711
74,712
74,714
74,716
74,717
74,719
74,720
74,722
74,724
74,725
74,727
74,728
74,730
74,731
74,733
74,735
74,736
74,738
74,739
74,741
74,743
74,744
74,746
74,747
74,749
74,750
74,752
74,754
74,755
74,757
74,758
74,760
74,762
74,763
74,765
74,766
74,768
74,769
74,832
74,834
74,835
74,837
74,838
75,1
75,3
75,4
76,0
76,1
76,3
76,5
77,0
77,2
77,3
77,5
78,0
78,2
78,4
78,5
79,1
79,2
79,4
79,6
79,5
79,3
79,0
78,3
78,1
77,4
77,1
76,4
76,2
75,5
75,2
75,0
74,836
74,833
74,770
74,767
74,764
74,761
74,759
74,756
74,753
74,751
74,748
74,745
74,742
74,740
74,737
74,734
74,732
74,729
74,726
74,723
74,721
74,718
74,715
74,713
74,710
74,707
74,704
74,702
74,699
74,696
74,694
74,691
74,688
74,686
74,683
74,680
74,677
74,675
74,672
74,669
74,667
74,664
74,661
74,658
74,656
74,653
74,650
74,648
74,645
74,642
74,608
74,606
74,603
74,600
74,598
74,595
74,592
74,590
74,587
74,584
74,581
74,579
74,576
74,573
74,571
74,568
74,565
74,562
74,560
74,557
74,554
74,552
74,549
74,546
74,543
74,541
74,538
74,535
74,533
74,530
74,527
74,524
74,522
74,519
74,516
74,514
74,511
74,508
74,506
74,503
74,500
74,497
74,495
74,492
74,489
74,487
74,484
74,481
74,478
74,476
74,473
74,470
74,468
74,465
74,462
74,459
74,457
74,454
74,451
74,449
74,446
74,443
74,441
74,438
74,435
74,432
74,430
74,427
74,424
74,422
74,419
74,416
74,413
74,411
74,408
74,405
74,403
74,400
74,397
74,394
74,392
74,389
74,386
74,384
74,381
74,378
74,375
74,373
74,370
74,367
74,365
74,362
74,359
74,357
74,354
74,351
74,348
74,346
74,343
74,340
74,338
74,335
74,332
74,329
74,327
74,324
74,321
74,319
74,316
74,313
74,310
74,308
74,305
74,302
74,300
74,297
74,294
74,292
74,289
74,286
74,283
74,281
74,278
74,275
74,273
74,270
74,267
74,264
74,262
74,259
74,256
74,254
74,251
74,248
74,245
74,243
74,240
74,237
74,235
74,232
74,229
74,227
74,224
74,221
74,218
74,216
74,213
74,210
74,208
74,205
74,202
74,199
74,197
74,194
74,191
74,189
74,186
74,183
74,180
74,178
74,175
74,172
74,170
74,167
74,164
74,161
74,159
74,156
74,153
74,151
74,148
74,145
74,143
74,140
74,137
74,134
74,132
74,129
74,126
74,124
74,121
74,118
74,115
74,113
74,110
74,107
74,105
74,102
74,99
74,96
74,94
74,91
74,88
74,86
74,83
74,80
74,78
74,75
74,72
74,69
74,67
74,64
74,41
74,39
74,36
74,33
74,30
74,28
74,25
74,22
74,20
74,17
74,14
74,11
74,9
74,6
74,3
74,1
73,46
73,43
73,40
73,38
73,35
73,32
73,30
73,27
73,24
73,22
73,19
73,16
73,13
73,11
73,8
73,5
73,3
73,0
72,19
72,16
72,14
72,11
72,8
72,6
72,3
72,0
71,2
71,0
70,6
70,3
70,1
69,4
69,1
68,3
68,0
67,1
66,2
66,0
65,1
64,2
64,0
63,2
62,3
62,0
58,4
58,1
23,2
23,0
22,1
21,2
20,3
20,1
19,2
18,3
18,1
17,2
16,7
0,274
0,365
0,273
0,328
0,272
0,405
0,271
0,301
0,270
0,316
0,269
0,440
0,268
0,306
0,267
0,347
0,266
0,319
0,265
0,327
0,264
0,320
0,263
0,323
0,262
0,441
0,261
0,431
0,260
0,446
0,259
0,372
0,258
0,445
0,257
0,329
0,256
0,435
0,255
0,315
0,254
0,444
0,253
0,389
0,252
0,394
0,251
0,326
0,250
0,388
0,249
0,351
0,248
0,429
0,247
0,354
0,246
0,399
0,245
0,352
0,244
0,407
0,242
0,241
0,361
0,240
0,349
0,239
0,404
0,238
0,436
0,237
0,344
0,236
0,360
0,235
0,390
0,234
0,385
0,233
0,232
0,337
0,231
0,368
0,230
0,364
0,229
0,393
0,228
0,341
0,227
0,353
0,226
0,325
0,225
0,309
0,224
0,387
0,223
0,359
0,222
0,314
0,221
0,442
0,220
0,367
0,219
0,375
0,218
0,366
0,217
0,350
0,216
0,447
0,215
0,342
0,214
0,357
0,213
0,406
0,212
0,373
0,211
0,421
0,210
0,423
0,209
0,334
0,208
0,396
0,207
0,335
0,206
0,430
0,205
0,346
0,204
0,391
0,203
0,333
0,202
0,434
0,201
0,330
0,200
0,348
0,199
0,379
0,198
0,409
0,197
0,392
0,196
0,395
0,195
0,432
0,194
0,386
0,193
0,339
0,192
0,428
0,63
0,324
0,62
0,398
0,61
0,414
0,60
0,400
0,59
0,402
0,58
0,420
0,57
0,418
0,56
0,437
0,55
0,425
0,54
0,383
0,53
0,331
0,52
0,363
0,51
0,424
0,50
0,401
0,49
0,422
0,48
0,419
0,47
0,417
0,46
0,336
0,45
0,416
0,6
0,5
0,1
0,11
0,4
0,2
0,3
0,7
